    0.97400E+03    0.29666E+03    0.12990E+02
    0.12500E+03    0.29666E+03    0.12990E+02   -0.11702E+02    0.00000E+00
    0.37500E+03    0.29797E+03    0.13534E+02   -0.10948E+02    0.00000E+00
    0.62500E+03    0.29903E+03    0.13736E+02   -0.10193E+02    0.00000E+00
    0.87500E+03    0.30193E+03    0.14412E+02   -0.94375E+01    0.00000E+00
    0.11250E+04    0.30329E+03    0.14059E+02   -0.86825E+01    0.00000E+00
    0.13750E+04    0.30474E+03    0.13388E+02   -0.79275E+01    0.00000E+00
    0.16250E+04    0.30599E+03    0.12565E+02   -0.71725E+01    0.00000E+00
    0.18750E+04    0.30715E+03    0.11672E+02   -0.64175E+01    0.00000E+00
    0.21250E+04    0.30810E+03    0.10904E+02   -0.56625E+01    0.00000E+00
    0.23750E+04    0.30906E+03    0.99796E+01   -0.49075E+01    0.00000E+00
    0.26250E+04    0.30998E+03    0.90930E+01   -0.41525E+01    0.00000E+00
    0.28750E+04    0.31108E+03    0.81193E+01   -0.33975E+01    0.00000E+00
    0.31250E+04    0.31214E+03    0.72499E+01   -0.26425E+01    0.00000E+00
    0.33750E+04    0.31346E+03    0.62315E+01   -0.18875E+01    0.00000E+00
    0.36250E+04    0.31482E+03    0.52415E+01   -0.11325E+01    0.00000E+00
    0.38750E+04    0.31598E+03    0.43661E+01   -0.37750E+00    0.00000E+00
    0.41250E+04    0.31688E+03    0.36479E+01    0.00000E+00    0.00000E+00
    0.43750E+04    0.31783E+03    0.29067E+01    0.00000E+00    0.00000E+00
    0.46250E+04    0.31838E+03    0.24664E+01    0.00000E+00    0.00000E+00
    0.48750E+04    0.31875E+03    0.22380E+01    0.00000E+00    0.00000E+00
    0.51250E+04    0.31908E+03    0.19844E+01    0.00000E+00    0.00000E+00
    0.53750E+04    0.31933E+03    0.17598E+01    0.00000E+00    0.00000E+00
    0.56250E+04    0.31943E+03    0.16259E+01    0.00000E+00    0.00000E+00
    0.58750E+04    0.31973E+03    0.13589E+01    0.00000E+00    0.00000E+00
    0.61250E+04    0.32037E+03    0.10297E+01    0.00000E+00    0.00000E+00
    0.63750E+04    0.32126E+03    0.76818E+00    0.00000E+00    0.00000E+00
    0.66250E+04    0.32224E+03    0.54796E+00    0.00000E+00    0.00000E+00
    0.68750E+04    0.32359E+03    0.37787E+00    0.00000E+00    0.00000E+00
    0.71250E+04    0.32478E+03    0.39329E+00    0.00000E+00    0.00000E+00
    0.73750E+04    0.32589E+03    0.39645E+00    0.00000E+00    0.00000E+00
    0.76250E+04    0.32690E+03    0.50685E+00    0.00000E+00    0.00000E+00
    0.78750E+04    0.32819E+03    0.45244E+00    0.00000E+00    0.00000E+00
    0.81250E+04    0.32929E+03    0.36506E+00    0.00000E+00    0.00000E+00
    0.83750E+04    0.33039E+03    0.25321E+00    0.00000E+00    0.00000E+00
    0.86250E+04    0.33140E+03    0.25836E+00    0.00000E+00    0.00000E+00
    0.88750E+04    0.33239E+03    0.10147E+00    0.00000E+00    0.00000E+00
    0.91250E+04    0.33346E+03    0.10320E+00    0.00000E+00    0.00000E+00
    0.93750E+04    0.33465E+03    0.10454E+00    0.00000E+00    0.00000E+00
    0.96250E+04    0.33575E+03    0.10160E+00    0.00000E+00    0.00000E+00
    0.98750E+04    0.33689E+03    0.97870E-01    0.00000E+00    0.00000E+00
    0.10125E+05    0.33800E+03    0.12252E+00    0.00000E+00    0.00000E+00
    0.10375E+05    0.33878E+03    0.12819E+00    0.00000E+00    0.00000E+00
    0.10625E+05    0.33941E+03    0.13499E+00    0.00000E+00    0.00000E+00
    0.10875E+05    0.34011E+03    0.13287E+00    0.00000E+00    0.00000E+00
    0.11125E+05    0.34059E+03    0.10967E+00    0.00000E+00    0.00000E+00
    0.11375E+05    0.34101E+03    0.87181E-01    0.00000E+00    0.00000E+00
    0.11625E+05    0.34141E+03    0.68332E-01    0.00000E+00    0.00000E+00
    0.11875E+05    0.34191E+03    0.51983E-01    0.00000E+00    0.00000E+00
    0.12125E+05    0.34253E+03    0.40710E-01    0.00000E+00    0.00000E+00
    0.12375E+05    0.34330E+03    0.31808E-01    0.00000E+00    0.00000E+00
    0.12625E+05    0.34455E+03    0.25385E-01    0.00000E+00    0.00000E+00
    0.12875E+05    0.34674E+03    0.20534E-01    0.00000E+00    0.00000E+00
    0.13125E+05    0.35037E+03    0.16735E-01    0.00000E+00    0.00000E+00
    0.13375E+05    0.35402E+03    0.13612E-01    0.00000E+00    0.00000E+00
    0.13625E+05    0.35831E+03    0.11228E-01    0.00000E+00    0.00000E+00
    0.13875E+05    0.36326E+03    0.87408E-02    0.00000E+00    0.00000E+00
    0.14125E+05    0.36730E+03    0.67594E-02    0.00000E+00    0.00000E+00
    0.14375E+05    0.36991E+03    0.52076E-02    0.00000E+00    0.00000E+00
    0.14625E+05    0.37357E+03    0.39479E-02    0.00000E+00    0.00000E+00
    0.14875E+05    0.37869E+03    0.30820E-02    0.00000E+00    0.00000E+00
    0.15125E+05    0.38308E+03    0.26522E-02    0.00000E+00    0.00000E+00
    0.15375E+05    0.38800E+03    0.22501E-02    0.00000E+00    0.00000E+00
    0.15625E+05    0.39375E+03    0.20795E-02    0.00000E+00    0.00000E+00
    0.15875E+05    0.39870E+03    0.19666E-02    0.00000E+00    0.00000E+00
    0.16125E+05    0.40306E+03    0.16657E-02    0.00000E+00    0.00000E+00
    0.16375E+05    0.40747E+03    0.13862E-02    0.00000E+00    0.00000E+00
    0.16625E+05    0.41216E+03    0.12921E-02    0.00000E+00    0.00000E+00
    0.16875E+05    0.41589E+03    0.11122E-02    0.00000E+00    0.00000E+00
    0.17125E+05    0.41961E+03    0.10640E-02    0.00000E+00    0.00000E+00
    0.17375E+05    0.42310E+03    0.97102E-03    0.00000E+00    0.00000E+00
    0.17625E+05    0.42774E+03    0.11555E-02    0.00000E+00    0.00000E+00
    0.17875E+05    0.43239E+03    0.11473E-02    0.00000E+00    0.00000E+00
    0.18125E+05    0.43734E+03    0.11684E-02    0.00000E+00    0.00000E+00
    0.18375E+05    0.44335E+03    0.11251E-02    0.00000E+00    0.00000E+00
    0.18625E+05    0.44987E+03    0.11073E-02    0.00000E+00    0.00000E+00
    0.18875E+05    0.45629E+03    0.76057E-03    0.00000E+00    0.00000E+00
    0.19125E+05    0.46294E+03    0.58266E-03    0.00000E+00    0.00000E+00
    0.19375E+05    0.47039E+03    0.43172E-03    0.00000E+00    0.00000E+00
    0.19625E+05    0.47758E+03    0.25140E-03    0.00000E+00    0.00000E+00
    0.19875E+05    0.48406E+03    0.00000E+00    0.00000E+00    0.00000E+00
    0.20125E+05    0.49024E+03    0.00000E+00    0.00000E+00    0.00000E+00
    0.20375E+05    0.49650E+03    0.00000E+00    0.00000E+00    0.00000E+00
    0.20625E+05    0.50283E+03    0.00000E+00    0.00000E+00    0.00000E+00
    0.20875E+05    0.50924E+03    0.00000E+00    0.00000E+00    0.00000E+00
    0.21125E+05    0.51571E+03    0.00000E+00    0.00000E+00    0.00000E+00
    0.21375E+05    0.52226E+03    0.00000E+00    0.00000E+00    0.00000E+00
    0.21625E+05    0.52889E+03    0.00000E+00    0.00000E+00    0.00000E+00
    0.21875E+05    0.53560E+03    0.00000E+00    0.00000E+00    0.00000E+00
    0.22125E+05    0.54238E+03    0.00000E+00    0.00000E+00    0.00000E+00
    0.22375E+05    0.54923E+03    0.00000E+00    0.00000E+00    0.00000E+00
    0.22625E+05    0.55617E+03    0.00000E+00    0.00000E+00    0.00000E+00
    0.22875E+05    0.56319E+03    0.00000E+00    0.00000E+00    0.00000E+00
    0.23125E+05    0.57028E+03    0.00000E+00    0.00000E+00    0.00000E+00
    0.23375E+05    0.57746E+03    0.00000E+00    0.00000E+00    0.00000E+00
    0.23625E+05    0.58472E+03    0.00000E+00    0.00000E+00    0.00000E+00
    0.23875E+05    0.59206E+03    0.00000E+00    0.00000E+00    0.00000E+00
    0.24125E+05    0.59706E+03    0.00000E+00    0.00000E+00    0.00000E+00
    0.24375E+05    0.60206E+03    0.00000E+00    0.00000E+00    0.00000E+00
    0.24625E+05    0.60706E+03    0.00000E+00    0.00000E+00    0.00000E+00
    0.24875E+05    0.61206E+03    0.00000E+00    0.00000E+00    0.00000E+00
